{
  "polygons" : "true",
  "field" : "golden",
  "symmetry" : "icosahedral",
  "orientations" : [ [ 1.0, 0.0, 0.0, 0.0, 0.0, 1.0, 0.0, 0.0, 0.0, 0.0, 1.0, 0.0, 0.0, 0.0, 0.0, 1.0 ], [ 0.0, 0.0, 1.0, 0.0, 1.0, 0.0, 0.0, 0.0, 0.0, 1.0, 0.0, 0.0, 0.0, 0.0, 0.0, 1.0 ], [ 0.0, 1.0, 0.0, 0.0, 0.0, 0.0, 1.0, 0.0, 1.0, 0.0, 0.0, 0.0, 0.0, 0.0, 0.0, 1.0 ], [ 0.809017, 0.309017, 0.5, 0.0, 0.309017, 0.5, -0.809017, 0.0, -0.5, 0.809017, 0.309017, 0.0, 0.0, 0.0, 0.0, 1.0 ], [ -0.5, 0.809017, 0.309017, 0.0, 0.809017, 0.309017, 0.5, 0.0, 0.309017, 0.5, -0.809017, 0.0, 0.0, 0.0, 0.0, 1.0 ], [ 0.309017, 0.5, -0.809017, 0.0, -0.5, 0.809017, 0.309017, 0.0, 0.809017, 0.309017, 0.5, 0.0, 0.0, 0.0, 0.0, 1.0 ], [ 0.5, 0.809017, 0.309017, 0.0, 0.809017, -0.309017, -0.5, 0.0, -0.309017, 0.5, -0.809017, 0.0, 0.0, 0.0, 0.0, 1.0 ], [ -0.309017, 0.5, -0.809017, 0.0, 0.5, 0.809017, 0.309017, 0.0, 0.809017, -0.309017, -0.5, 0.0, 0.0, 0.0, 0.0, 1.0 ], [ 0.809017, -0.309017, -0.5, 0.0, -0.309017, 0.5, -0.809017, 0.0, 0.5, 0.809017, 0.309017, 0.0, 0.0, 0.0, 0.0, 1.0 ], [ 0.5, 0.809017, -0.309017, 0.0, 0.809017, -0.309017, 0.5, 0.0, 0.309017, -0.5, -0.809017, 0.0, 0.0, 0.0, 0.0, 1.0 ], [ 0.309017, -0.5, -0.809017, 0.0, 0.5, 0.809017, -0.309017, 0.0, 0.809017, -0.309017, 0.5, 0.0, 0.0, 0.0, 0.0, 1.0 ], [ 0.809017, -0.309017, 0.5, 0.0, 0.309017, -0.5, -0.809017, 0.0, 0.5, 0.809017, -0.309017, 0.0, 0.0, 0.0, 0.0, 1.0 ], [ 0.809017, 0.309017, -0.5, 0.0, 0.309017, 0.5, 0.809017, 0.0, 0.5, -0.809017, 0.309017, 0.0, 0.0, 0.0, 0.0, 1.0 ], [ 0.5, -0.809017, 0.309017, 0.0, 0.809017, 0.309017, -0.5, 0.0, 0.309017, 0.5, 0.809017, 0.0, 0.0, 0.0, 0.0, 1.0 ], [ 0.309017, 0.5, 0.809017, 0.0, 0.5, -0.809017, 0.309017, 0.0, 0.809017, 0.309017, -0.5, 0.0, 0.0, 0.0, 0.0, 1.0 ], [ 1.0, 0.0, 0.0, 0.0, 0.0, -1.0, 0.0, 0.0, 0.0, 0.0, -1.0, 0.0, 0.0, 0.0, 0.0, 1.0 ], [ 0.0, 0.0, 1.0, 0.0, -1.0, 0.0, 0.0, 0.0, 0.0, -1.0, 0.0, 0.0, 0.0, 0.0, 0.0, 1.0 ], [ 0.0, 1.0, 0.0, 0.0, 0.0, 0.0, -1.0, 0.0, -1.0, 0.0, 0.0, 0.0, 0.0, 0.0, 0.0, 1.0 ], [ 0.809017, 0.309017, 0.5, 0.0, -0.309017, -0.5, 0.809017, 0.0, 0.5, -0.809017, -0.309017, 0.0, 0.0, 0.0, 0.0, 1.0 ], [ -0.5, 0.809017, 0.309017, 0.0, -0.809017, -0.309017, -0.5, 0.0, -0.309017, -0.5, 0.809017, 0.0, 0.0, 0.0, 0.0, 1.0 ], [ 0.309017, 0.5, -0.809017, 0.0, 0.5, -0.809017, -0.309017, 0.0, -0.809017, -0.309017, -0.5, 0.0, 0.0, 0.0, 0.0, 1.0 ], [ 0.5, 0.809017, 0.309017, 0.0, -0.809017, 0.309017, 0.5, 0.0, 0.309017, -0.5, 0.809017, 0.0, 0.0, 0.0, 0.0, 1.0 ], [ -0.309017, 0.5, -0.809017, 0.0, -0.5, -0.809017, -0.309017, 0.0, -0.809017, 0.309017, 0.5, 0.0, 0.0, 0.0, 0.0, 1.0 ], [ 0.809017, -0.309017, -0.5, 0.0, 0.309017, -0.5, 0.809017, 0.0, -0.5, -0.809017, -0.309017, 0.0, 0.0, 0.0, 0.0, 1.0 ], [ 0.5, 0.809017, -0.309017, 0.0, -0.809017, 0.309017, -0.5, 0.0, -0.309017, 0.5, 0.809017, 0.0, 0.0, 0.0, 0.0, 1.0 ], [ 0.309017, -0.5, -0.809017, 0.0, -0.5, -0.809017, 0.309017, 0.0, -0.809017, 0.309017, -0.5, 0.0, 0.0, 0.0, 0.0, 1.0 ], [ 0.809017, -0.309017, 0.5, 0.0, -0.309017, 0.5, 0.809017, 0.0, -0.5, -0.809017, 0.309017, 0.0, 0.0, 0.0, 0.0, 1.0 ], [ 0.809017, 0.309017, -0.5, 0.0, -0.309017, -0.5, -0.809017, 0.0, -0.5, 0.809017, -0.309017, 0.0, 0.0, 0.0, 0.0, 1.0 ], [ 0.5, -0.809017, 0.309017, 0.0, -0.809017, -0.309017, 0.5, 0.0, -0.309017, -0.5, -0.809017, 0.0, 0.0, 0.0, 0.0, 1.0 ], [ 0.309017, 0.5, 0.809017, 0.0, -0.5, 0.809017, -0.309017, 0.0, -0.809017, -0.309017, 0.5, 0.0, 0.0, 0.0, 0.0, 1.0 ], [ -1.0, 0.0, 0.0, 0.0, 0.0, -1.0, 0.0, 0.0, 0.0, 0.0, 1.0, 0.0, 0.0, 0.0, 0.0, 1.0 ], [ 0.0, 0.0, -1.0, 0.0, -1.0, 0.0, 0.0, 0.0, 0.0, 1.0, 0.0, 0.0, 0.0, 0.0, 0.0, 1.0 ], [ 0.0, -1.0, 0.0, 0.0, 0.0, 0.0, -1.0, 0.0, 1.0, 0.0, 0.0, 0.0, 0.0, 0.0, 0.0, 1.0 ], [ -0.809017, -0.309017, -0.5, 0.0, -0.309017, -0.5, 0.809017, 0.0, -0.5, 0.809017, 0.309017, 0.0, 0.0, 0.0, 0.0, 1.0 ], [ 0.5, -0.809017, -0.309017, 0.0, -0.809017, -0.309017, -0.5, 0.0, 0.309017, 0.5, -0.809017, 0.0, 0.0, 0.0, 0.0, 1.0 ], [ -0.309017, -0.5, 0.809017, 0.0, 0.5, -0.809017, -0.309017, 0.0, 0.809017, 0.309017, 0.5, 0.0, 0.0, 0.0, 0.0, 1.0 ], [ -0.5, -0.809017, -0.309017, 0.0, -0.809017, 0.309017, 0.5, 0.0, -0.309017, 0.5, -0.809017, 0.0, 0.0, 0.0, 0.0, 1.0 ], [ 0.309017, -0.5, 0.809017, 0.0, -0.5, -0.809017, -0.309017, 0.0, 0.809017, -0.309017, -0.5, 0.0, 0.0, 0.0, 0.0, 1.0 ], [ -0.809017, 0.309017, 0.5, 0.0, 0.309017, -0.5, 0.809017, 0.0, 0.5, 0.809017, 0.309017, 0.0, 0.0, 0.0, 0.0, 1.0 ], [ -0.5, -0.809017, 0.309017, 0.0, -0.809017, 0.309017, -0.5, 0.0, 0.309017, -0.5, -0.809017, 0.0, 0.0, 0.0, 0.0, 1.0 ], [ -0.309017, 0.5, 0.809017, 0.0, -0.5, -0.809017, 0.309017, 0.0, 0.809017, -0.309017, 0.5, 0.0, 0.0, 0.0, 0.0, 1.0 ], [ -0.809017, 0.309017, -0.5, 0.0, -0.309017, 0.5, 0.809017, 0.0, 0.5, 0.809017, -0.309017, 0.0, 0.0, 0.0, 0.0, 1.0 ], [ -0.809017, -0.309017, 0.5, 0.0, -0.309017, -0.5, -0.809017, 0.0, 0.5, -0.809017, 0.309017, 0.0, 0.0, 0.0, 0.0, 1.0 ], [ -0.5, 0.809017, -0.309017, 0.0, -0.809017, -0.309017, 0.5, 0.0, 0.309017, 0.5, 0.809017, 0.0, 0.0, 0.0, 0.0, 1.0 ], [ -0.309017, -0.5, -0.809017, 0.0, -0.5, 0.809017, -0.309017, 0.0, 0.809017, 0.309017, -0.5, 0.0, 0.0, 0.0, 0.0, 1.0 ], [ -1.0, 0.0, 0.0, 0.0, 0.0, 1.0, 0.0, 0.0, 0.0, 0.0, -1.0, 0.0, 0.0, 0.0, 0.0, 1.0 ], [ 0.0, 0.0, -1.0, 0.0, 1.0, 0.0, 0.0, 0.0, 0.0, -1.0, 0.0, 0.0, 0.0, 0.0, 0.0, 1.0 ], [ 0.0, -1.0, 0.0, 0.0, 0.0, 0.0, 1.0, 0.0, -1.0, 0.0, 0.0, 0.0, 0.0, 0.0, 0.0, 1.0 ], [ -0.809017, -0.309017, -0.5, 0.0, 0.309017, 0.5, -0.809017, 0.0, 0.5, -0.809017, -0.309017, 0.0, 0.0, 0.0, 0.0, 1.0 ], [ 0.5, -0.809017, -0.309017, 0.0, 0.809017, 0.309017, 0.5, 0.0, -0.309017, -0.5, 0.809017, 0.0, 0.0, 0.0, 0.0, 1.0 ], [ -0.309017, -0.5, 0.809017, 0.0, -0.5, 0.809017, 0.309017, 0.0, -0.809017, -0.309017, -0.5, 0.0, 0.0, 0.0, 0.0, 1.0 ], [ -0.5, -0.809017, -0.309017, 0.0, 0.809017, -0.309017, -0.5, 0.0, 0.309017, -0.5, 0.809017, 0.0, 0.0, 0.0, 0.0, 1.0 ], [ 0.309017, -0.5, 0.809017, 0.0, 0.5, 0.809017, 0.309017, 0.0, -0.809017, 0.309017, 0.5, 0.0, 0.0, 0.0, 0.0, 1.0 ], [ -0.809017, 0.309017, 0.5, 0.0, -0.309017, 0.5, -0.809017, 0.0, -0.5, -0.809017, -0.309017, 0.0, 0.0, 0.0, 0.0, 1.0 ], [ -0.5, -0.809017, 0.309017, 0.0, 0.809017, -0.309017, 0.5, 0.0, -0.309017, 0.5, 0.809017, 0.0, 0.0, 0.0, 0.0, 1.0 ], [ -0.309017, 0.5, 0.809017, 0.0, 0.5, 0.809017, -0.309017, 0.0, -0.809017, 0.309017, -0.5, 0.0, 0.0, 0.0, 0.0, 1.0 ], [ -0.809017, 0.309017, -0.5, 0.0, 0.309017, -0.5, -0.809017, 0.0, -0.5, -0.809017, 0.309017, 0.0, 0.0, 0.0, 0.0, 1.0 ], [ -0.809017, -0.309017, 0.5, 0.0, 0.309017, 0.5, 0.809017, 0.0, -0.5, 0.809017, -0.309017, 0.0, 0.0, 0.0, 0.0, 1.0 ], [ -0.5, 0.809017, -0.309017, 0.0, 0.809017, 0.309017, -0.5, 0.0, -0.309017, -0.5, -0.809017, 0.0, 0.0, 0.0, 0.0, 1.0 ], [ -0.309017, -0.5, -0.809017, 0.0, 0.5, -0.809017, 0.309017, 0.0, -0.809017, -0.309017, 0.5, 0.0, 0.0, 0.0, 0.0, 1.0 ] ],
  "lights" : {
    "directionalLights" : [ {
      "direction" : [ 1.0, -1.0, -1.0 ],
      "color" : "#EBEBE4"
    }, {
      "direction" : [ -1.0, 0.0, 0.0 ],
      "color" : "#E4E4EB"
    }, {
      "direction" : [ 0.0, 0.0, -1.0 ],
      "color" : "#1E1E1E"
    } ],
    "ambientColor" : "#292929",
    "backgroundColor" : "#AFC8DC"
  },
  "camera" : {
    "position" : {
      "x" : 71.31031,
      "y" : 171.0875,
      "z" : -21.387856
    },
    "stereo" : false,
    "width" : 83.96262,
    "lookDirection" : {
      "x" : -0.3821896,
      "y" : -0.91694814,
      "z" : 0.11462881
    },
    "upDirection" : {
      "x" : 0.7921032,
      "y" : -0.3889635,
      "z" : -0.470411
    },
    "lookAtPoint" : {
      "x" : 0.0,
      "y" : 0.0,
      "z" : 0.0
    },
    "perspective" : true,
    "viewDistance" : 186.5836,
    "nearClipDistance" : 0.466459,
    "farClipDistance" : 373.1672,
    "fieldOfView" : 0.4426289
  },
  "embedding" : [ 1.0, 0.0, 0.0, 0.0, 0.0, 1.0, 0.0, 0.0, 0.0, 0.0, 1.0, 0.0, 0.0, 0.0, 0.0, 1.0 ],
  "shapes" : [ {
    "id" : "51a1411e-e5a7-4cd1-b279-99f3e7549892",
    "orbit" : "blue",
    "orbitC" : "[[0,0,1],[0,0,1]]",
    "length" : "[1,1,1]",
    "name" : "b3",
    "vertices" : [ {
      "x" : 21.18034,
      "y" : 0.309017,
      "z" : 0.19098301
    }, {
      "x" : 21.18034,
      "y" : 0.309017,
      "z" : -0.19098301
    }, {
      "x" : 1.0,
      "y" : 0.309017,
      "z" : -0.19098301
    }, {
      "x" : 1.0,
      "y" : 0.309017,
      "z" : 0.19098301
    }, {
      "x" : 21.18034,
      "y" : -0.309017,
      "z" : 0.19098301
    }, {
      "x" : 1.0,
      "y" : -0.309017,
      "z" : 0.19098301
    }, {
      "x" : 1.0,
      "y" : -0.309017,
      "z" : -0.19098301
    }, {
      "x" : 21.18034,
      "y" : -0.309017,
      "z" : -0.19098301
    }, {
      "x" : 22.18034,
      "y" : 0.0,
      "z" : 0.0
    } ],
    "faces" : [ {
      "vertices" : [ 1, 7, 6, 2 ]
    }, {
      "vertices" : [ 0, 1, 2, 3 ]
    }, {
      "vertices" : [ 4, 5, 6, 7 ]
    }, {
      "vertices" : [ 0, 3, 5, 4 ]
    } ]
  }, {
    "id" : "e0eba817-7ec9-49fa-9912-24774b539af6",
    "vertices" : [ {
      "x" : 0.0,
      "y" : 0.0,
      "z" : 0.0
    }, {
      "x" : 0.0,
      "y" : -22.18034,
      "z" : 0.0
    }, {
      "x" : 0.0,
      "y" : 0.0,
      "z" : -22.18034
    } ],
    "faces" : [ {
      "vertices" : [ 0, 1, 2 ]
    }, {
      "vertices" : [ 0, 2, 1 ]
    } ]
  }, {
    "id" : "b0f22d17-0960-4074-b64a-53c976da14af",
    "vertices" : [ {
      "x" : 0.0,
      "y" : 0.0,
      "z" : 0.0
    }, {
      "x" : 11.09017,
      "y" : -4.236068,
      "z" : 29.034441
    }, {
      "x" : 4.236068,
      "y" : -29.034441,
      "z" : 11.09017
    } ],
    "faces" : [ {
      "vertices" : [ 0, 1, 2 ]
    }, {
      "vertices" : [ 0, 2, 1 ]
    } ]
  }, {
    "id" : "1ae6c043-84c2-4750-88a0-cbe8b1cc16f1",
    "vertices" : [ {
      "x" : 0.0,
      "y" : 0.0,
      "z" : 0.0
    }, {
      "x" : 4.236068,
      "y" : 29.034441,
      "z" : 11.09017
    }, {
      "x" : 11.09017,
      "y" : 4.236068,
      "z" : 29.034441
    } ],
    "faces" : [ {
      "vertices" : [ 0, 1, 2 ]
    }, {
      "vertices" : [ 0, 2, 1 ]
    } ]
  }, {
    "id" : "9a6d9a32-80c9-4d6a-886b-5bb833f934b2",
    "name" : "ball",
    "vertices" : [ {
      "x" : 0.309017,
      "y" : -0.809017,
      "z" : 0.618034
    }, {
      "x" : 0.809017,
      "y" : -0.618034,
      "z" : 0.309017
    }, {
      "x" : 0.618034,
      "y" : -0.309017,
      "z" : 0.809017
    }, {
      "x" : 1.0,
      "y" : 0.309017,
      "z" : 0.19098301
    }, {
      "x" : 0.809017,
      "y" : 0.618034,
      "z" : 0.309017
    }, {
      "x" : 0.618034,
      "y" : 0.309017,
      "z" : 0.809017
    }, {
      "x" : 0.809017,
      "y" : 0.0,
      "z" : 0.690983
    }, {
      "x" : 0.19098301,
      "y" : -1.0,
      "z" : 0.309017
    }, {
      "x" : -0.19098301,
      "y" : -1.0,
      "z" : 0.309017
    }, {
      "x" : -0.19098301,
      "y" : -1.0,
      "z" : -0.309017
    }, {
      "x" : 0.19098301,
      "y" : -1.0,
      "z" : -0.309017
    }, {
      "x" : 1.0,
      "y" : -0.309017,
      "z" : -0.19098301
    }, {
      "x" : 0.809017,
      "y" : -0.618034,
      "z" : -0.309017
    }, {
      "x" : 0.618034,
      "y" : -0.309017,
      "z" : -0.809017
    }, {
      "x" : 0.809017,
      "y" : 0.0,
      "z" : -0.690983
    }, {
      "x" : 0.0,
      "y" : 0.690983,
      "z" : -0.809017
    }, {
      "x" : 0.309017,
      "y" : 0.809017,
      "z" : -0.618034
    }, {
      "x" : 0.618034,
      "y" : 0.309017,
      "z" : -0.809017
    }, {
      "x" : 0.309017,
      "y" : 0.19098301,
      "z" : -1.0
    }, {
      "x" : 1.0,
      "y" : 0.309017,
      "z" : -0.19098301
    }, {
      "x" : -0.309017,
      "y" : -0.809017,
      "z" : 0.618034
    }, {
      "x" : 0.0,
      "y" : -0.690983,
      "z" : 0.809017
    }, {
      "x" : 0.809017,
      "y" : 0.618034,
      "z" : -0.309017
    }, {
      "x" : 0.690983,
      "y" : 0.809017,
      "z" : 0.0
    }, {
      "x" : -0.690983,
      "y" : 0.809017,
      "z" : 0.0
    }, {
      "x" : -0.809017,
      "y" : 0.618034,
      "z" : 0.309017
    }, {
      "x" : -0.309017,
      "y" : 0.809017,
      "z" : 0.618034
    }, {
      "x" : -0.19098301,
      "y" : 1.0,
      "z" : 0.309017
    }, {
      "x" : 0.309017,
      "y" : -0.19098301,
      "z" : -1.0
    }, {
      "x" : 0.19098301,
      "y" : 1.0,
      "z" : 0.309017
    }, {
      "x" : 0.309017,
      "y" : 0.809017,
      "z" : 0.618034
    }, {
      "x" : -0.809017,
      "y" : -0.618034,
      "z" : 0.309017
    }, {
      "x" : -0.690983,
      "y" : -0.809017,
      "z" : 0.0
    }, {
      "x" : 0.0,
      "y" : 0.690983,
      "z" : 0.809017
    }, {
      "x" : 0.309017,
      "y" : -0.809017,
      "z" : -0.618034
    }, {
      "x" : 0.0,
      "y" : -0.690983,
      "z" : -0.809017
    }, {
      "x" : -1.0,
      "y" : 0.309017,
      "z" : 0.19098301
    }, {
      "x" : -0.809017,
      "y" : 0.0,
      "z" : 0.690983
    }, {
      "x" : -0.618034,
      "y" : 0.309017,
      "z" : 0.809017
    }, {
      "x" : 1.0,
      "y" : -0.309017,
      "z" : 0.19098301
    }, {
      "x" : -0.309017,
      "y" : -0.809017,
      "z" : -0.618034
    }, {
      "x" : -1.0,
      "y" : 0.309017,
      "z" : -0.19098301
    }, {
      "x" : -1.0,
      "y" : -0.309017,
      "z" : -0.19098301
    }, {
      "x" : -1.0,
      "y" : -0.309017,
      "z" : 0.19098301
    }, {
      "x" : 0.19098301,
      "y" : 1.0,
      "z" : -0.309017
    }, {
      "x" : -0.809017,
      "y" : 0.618034,
      "z" : -0.309017
    }, {
      "x" : -0.19098301,
      "y" : 1.0,
      "z" : -0.309017
    }, {
      "x" : -0.309017,
      "y" : 0.809017,
      "z" : -0.618034
    }, {
      "x" : -0.618034,
      "y" : -0.309017,
      "z" : 0.809017
    }, {
      "x" : 0.309017,
      "y" : 0.19098301,
      "z" : 1.0
    }, {
      "x" : -0.309017,
      "y" : 0.19098301,
      "z" : -1.0
    }, {
      "x" : -0.309017,
      "y" : 0.19098301,
      "z" : 1.0
    }, {
      "x" : -0.309017,
      "y" : -0.19098301,
      "z" : 1.0
    }, {
      "x" : 0.309017,
      "y" : -0.19098301,
      "z" : 1.0
    }, {
      "x" : 0.690983,
      "y" : -0.809017,
      "z" : 0.0
    }, {
      "x" : -0.809017,
      "y" : 0.0,
      "z" : -0.690983
    }, {
      "x" : -0.618034,
      "y" : -0.309017,
      "z" : -0.809017
    }, {
      "x" : -0.309017,
      "y" : -0.19098301,
      "z" : -1.0
    }, {
      "x" : -0.618034,
      "y" : 0.309017,
      "z" : -0.809017
    }, {
      "x" : -0.809017,
      "y" : -0.618034,
      "z" : -0.309017
    } ],
    "faces" : [ {
      "vertices" : [ 9, 40, 35, 34, 10 ]
    }, {
      "vertices" : [ 0, 1, 2 ]
    }, {
      "vertices" : [ 33, 51, 49 ]
    }, {
      "vertices" : [ 25, 36, 37, 38 ]
    }, {
      "vertices" : [ 41, 55, 42 ]
    }, {
      "vertices" : [ 9, 32, 59, 40 ]
    }, {
      "vertices" : [ 20, 21, 52, 48 ]
    }, {
      "vertices" : [ 26, 33, 30, 29, 27 ]
    }, {
      "vertices" : [ 3, 4, 5, 6 ]
    }, {
      "vertices" : [ 27, 29, 44, 46 ]
    }, {
      "vertices" : [ 50, 57, 56, 55, 58 ]
    }, {
      "vertices" : [ 26, 38, 51, 33 ]
    }, {
      "vertices" : [ 45, 47, 58 ]
    }, {
      "vertices" : [ 18, 28, 57, 50 ]
    }, {
      "vertices" : [ 40, 59, 56 ]
    }, {
      "vertices" : [ 31, 48, 37, 43 ]
    }, {
      "vertices" : [ 7, 8, 9, 10 ]
    }, {
      "vertices" : [ 36, 41, 42, 43 ]
    }, {
      "vertices" : [ 24, 46, 47, 45 ]
    }, {
      "vertices" : [ 4, 30, 5 ]
    }, {
      "vertices" : [ 15, 47, 46, 44, 16 ]
    }, {
      "vertices" : [ 15, 50, 58, 47 ]
    }, {
      "vertices" : [ 24, 45, 41, 36, 25 ]
    }, {
      "vertices" : [ 11, 14, 19 ]
    }, {
      "vertices" : [ 3, 6, 39 ]
    }, {
      "vertices" : [ 1, 39, 6, 2 ]
    }, {
      "vertices" : [ 8, 32, 9 ]
    }, {
      "vertices" : [ 11, 12, 13, 14 ]
    }, {
      "vertices" : [ 16, 22, 17 ]
    }, {
      "vertices" : [ 0, 21, 20, 8, 7 ]
    }, {
      "vertices" : [ 12, 34, 13 ]
    }, {
      "vertices" : [ 35, 40, 56, 57 ]
    }, {
      "vertices" : [ 0, 7, 54, 1 ]
    }, {
      "vertices" : [ 15, 16, 17, 18 ]
    }, {
      "vertices" : [ 3, 19, 22, 23, 4 ]
    }, {
      "vertices" : [ 7, 10, 54 ]
    }, {
      "vertices" : [ 41, 45, 58, 55 ]
    }, {
      "vertices" : [ 3, 39, 11, 19 ]
    }, {
      "vertices" : [ 14, 17, 22, 19 ]
    }, {
      "vertices" : [ 0, 2, 53, 21 ]
    }, {
      "vertices" : [ 49, 51, 52, 53 ]
    }, {
      "vertices" : [ 31, 43, 42, 59, 32 ]
    }, {
      "vertices" : [ 15, 18, 50 ]
    }, {
      "vertices" : [ 42, 55, 56, 59 ]
    }, {
      "vertices" : [ 4, 23, 29, 30 ]
    }, {
      "vertices" : [ 25, 38, 26 ]
    }, {
      "vertices" : [ 13, 28, 18, 17, 14 ]
    }, {
      "vertices" : [ 8, 20, 31, 32 ]
    }, {
      "vertices" : [ 23, 44, 29 ]
    }, {
      "vertices" : [ 24, 27, 46 ]
    }, {
      "vertices" : [ 37, 48, 52, 51, 38 ]
    }, {
      "vertices" : [ 20, 48, 31 ]
    }, {
      "vertices" : [ 24, 25, 26, 27 ]
    }, {
      "vertices" : [ 16, 44, 23, 22 ]
    }, {
      "vertices" : [ 13, 34, 35, 28 ]
    }, {
      "vertices" : [ 10, 34, 12, 54 ]
    }, {
      "vertices" : [ 2, 6, 5, 49, 53 ]
    }, {
      "vertices" : [ 36, 43, 37 ]
    }, {
      "vertices" : [ 5, 30, 33, 49 ]
    }, {
      "vertices" : [ 1, 54, 12, 11, 39 ]
    }, {
      "vertices" : [ 28, 35, 57 ]
    }, {
      "vertices" : [ 21, 53, 52 ]
    } ]
  }, {
    "id" : "f9ce8fd0-29e8-447f-9f63-433bbd3797c3",
    "vertices" : [ {
      "x" : 0.0,
      "y" : 0.0,
      "z" : 0.0
    }, {
      "x" : 0.0,
      "y" : 0.0,
      "z" : 22.18034
    }, {
      "x" : 0.0,
      "y" : -22.18034,
      "z" : 0.0
    } ],
    "faces" : [ {
      "vertices" : [ 0, 1, 2 ]
    }, {
      "vertices" : [ 0, 2, 1 ]
    } ]
  }, {
    "id" : "b5ebc98b-1e1e-4fd2-af79-159304a51fea",
    "vertices" : [ {
      "x" : 0.0,
      "y" : 0.0,
      "z" : 0.0
    }, {
      "x" : 0.0,
      "y" : 0.0,
      "z" : -22.18034
    }, {
      "x" : 0.0,
      "y" : 22.18034,
      "z" : 0.0
    }, {
      "x" : 0.0,
      "y" : 0.0,
      "z" : 22.18034
    }, {
      "x" : 0.0,
      "y" : -22.18034,
      "z" : 0.0
    } ],
    "faces" : [ {
      "vertices" : [ 0, 1, 2, 3, 4 ]
    }, {
      "vertices" : [ 0, 4, 3, 2, 1 ]
    } ]
  }, {
    "id" : "36989efc-3890-43dd-a11c-87af11cb36c7",
    "vertices" : [ {
      "x" : 0.0,
      "y" : 0.0,
      "z" : 0.0
    }, {
      "x" : -4.236068,
      "y" : -29.034441,
      "z" : -11.09017
    }, {
      "x" : -11.09017,
      "y" : -4.236068,
      "z" : -29.034441
    } ],
    "faces" : [ {
      "vertices" : [ 0, 1, 2 ]
    }, {
      "vertices" : [ 0, 2, 1 ]
    } ]
  }, {
    "id" : "48284dbe-55f2-407d-9371-e18a4f16cc1b",
    "vertices" : [ {
      "x" : 0.0,
      "y" : 0.0,
      "z" : 0.0
    }, {
      "x" : -11.09017,
      "y" : -4.236068,
      "z" : -29.034441
    }, {
      "x" : -6.854102,
      "y" : 24.798374,
      "z" : -17.944271
    } ],
    "faces" : [ {
      "vertices" : [ 0, 1, 2 ]
    }, {
      "vertices" : [ 0, 2, 1 ]
    } ]
  }, {
    "id" : "403ebf52-b34c-479d-a0d9-7631447f865d",
    "vertices" : [ {
      "x" : 0.0,
      "y" : 0.0,
      "z" : 0.0
    }, {
      "x" : -6.854102,
      "y" : 24.798374,
      "z" : -17.944271
    }, {
      "x" : 4.236068,
      "y" : 29.034441,
      "z" : 11.09017
    } ],
    "faces" : [ {
      "vertices" : [ 0, 1, 2 ]
    }, {
      "vertices" : [ 0, 2, 1 ]
    } ]
  } ],
  "instances" : [ {
    "shape" : "51a1411e-e5a7-4cd1-b279-99f3e7549892",
    "color" : "#007695",
    "position" : {
      "x" : 0.0,
      "y" : 0.0,
      "z" : 0.0
    },
    "orientation" : 2
  }, {
    "shape" : "e0eba817-7ec9-49fa-9912-24774b539af6",
    "color" : "#7FBACA",
    "position" : {
      "x" : 0.0,
      "y" : 0.0,
      "z" : 0.0
    },
    "orientation" : 47
  }, {
    "shape" : "b0f22d17-0960-4074-b64a-53c976da14af",
    "color" : "#F7CF7F",
    "position" : {
      "x" : 0.0,
      "y" : 0.0,
      "z" : 22.18034
    },
    "orientation" : 4
  }, {
    "shape" : "1ae6c043-84c2-4750-88a0-cbe8b1cc16f1",
    "color" : "#F7CF7F",
    "position" : {
      "x" : 0.0,
      "y" : 0.0,
      "z" : 22.18034
    },
    "orientation" : 39
  }, {
    "shape" : "9a6d9a32-80c9-4d6a-886b-5bb833f934b2",
    "color" : "#FFFFFF",
    "position" : {
      "x" : 0.0,
      "y" : 22.18034,
      "z" : 0.0
    }
  }, {
    "shape" : "51a1411e-e5a7-4cd1-b279-99f3e7549892",
    "color" : "#007695",
    "position" : {
      "x" : 0.0,
      "y" : 0.0,
      "z" : 0.0
    },
    "orientation" : 1
  }, {
    "shape" : "f9ce8fd0-29e8-447f-9f63-433bbd3797c3",
    "color" : "#7FBACA",
    "position" : {
      "x" : 0.0,
      "y" : 0.0,
      "z" : 0.0
    },
    "orientation" : 16
  }, {
    "shape" : "9a6d9a32-80c9-4d6a-886b-5bb833f934b2",
    "color" : "#FFFFFF",
    "position" : {
      "x" : 0.0,
      "y" : 0.0,
      "z" : 22.18034
    }
  }, {
    "shape" : "9a6d9a32-80c9-4d6a-886b-5bb833f934b2",
    "color" : "#FFFFFF",
    "position" : {
      "x" : 0.0,
      "y" : 0.0,
      "z" : 0.0
    }
  }, {
    "shape" : "51a1411e-e5a7-4cd1-b279-99f3e7549892",
    "color" : "#007695",
    "position" : {
      "x" : 0.0,
      "y" : 0.0,
      "z" : 0.0
    },
    "orientation" : 47
  }, {
    "shape" : "51a1411e-e5a7-4cd1-b279-99f3e7549892",
    "color" : "#007695",
    "position" : {
      "x" : 0.0,
      "y" : 0.0,
      "z" : 0.0
    },
    "orientation" : 0
  }, {
    "shape" : "b5ebc98b-1e1e-4fd2-af79-159304a51fea",
    "color" : "#7FBACA",
    "position" : {
      "x" : 0.0,
      "y" : 0.0,
      "z" : 0.0
    },
    "orientation" : 45
  }, {
    "shape" : "9a6d9a32-80c9-4d6a-886b-5bb833f934b2",
    "color" : "#FFFFFF",
    "position" : {
      "x" : 0.0,
      "y" : 0.0,
      "z" : -22.18034
    }
  }, {
    "shape" : "36989efc-3890-43dd-a11c-87af11cb36c7",
    "color" : "#F7CF7F",
    "position" : {
      "x" : 0.0,
      "y" : 0.0,
      "z" : -22.18034
    },
    "orientation" : 9
  }, {
    "shape" : "9a6d9a32-80c9-4d6a-886b-5bb833f934b2",
    "color" : "#FFFFFF",
    "position" : {
      "x" : -22.18034,
      "y" : 0.0,
      "z" : 0.0
    }
  }, {
    "shape" : "9a6d9a32-80c9-4d6a-886b-5bb833f934b2",
    "color" : "#FFFFFF",
    "position" : {
      "x" : 0.0,
      "y" : -22.18034,
      "z" : 0.0
    }
  }, {
    "shape" : "48284dbe-55f2-407d-9371-e18a4f16cc1b",
    "color" : "#F7CF7F",
    "position" : {
      "x" : 0.0,
      "y" : 22.18034,
      "z" : 0.0
    },
    "orientation" : 54
  }, {
    "shape" : "51a1411e-e5a7-4cd1-b279-99f3e7549892",
    "color" : "#007695",
    "position" : {
      "x" : 0.0,
      "y" : 0.0,
      "z" : 0.0
    },
    "orientation" : 45
  }, {
    "shape" : "9a6d9a32-80c9-4d6a-886b-5bb833f934b2",
    "color" : "#FFFFFF",
    "position" : {
      "x" : 22.18034,
      "y" : 0.0,
      "z" : 0.0
    }
  }, {
    "shape" : "51a1411e-e5a7-4cd1-b279-99f3e7549892",
    "color" : "#007695",
    "position" : {
      "x" : 0.0,
      "y" : 0.0,
      "z" : 0.0
    },
    "orientation" : 16
  }, {
    "shape" : "403ebf52-b34c-479d-a0d9-7631447f865d",
    "color" : "#F7CF7F",
    "position" : {
      "x" : 22.18034,
      "y" : 0.0,
      "z" : 0.0
    },
    "orientation" : 54
  } ],
  "scenes" : [ ],
  "snapshots" : [ ]
}